0.035581
-0.164468
0.510272
-0.167199
0.243988
0.300256
-0.0556444
-0.464062
0.00692105
-0.332077
0.021541
-0.246345
0.153434
-0.519337
0.776379
-0.0503024
0.351025
0.779312
0.133643
0.460275
-0.864932
0.867534
-0.302042
-1.17484
-0.653227
-0.022826
-0.328395
1.1461
-0.191097
-1.11944
1.56667
1.2192
-0.347722
0.409161
-0.648035
-0.584015
0.223373
-0.511232
0.634934
-1.40753
0.743131
-0.685235
0.296555
0.547359
-0.584802
-0.045015
-0.239714
-1.10909
-1.53054
0.790529
-0.507616
-0.396103
-1.75812
-0.765493

